6.5 0.467153
6.51 0.467153
6.52 0.467153
6.53 0.467153
6.54 0.467153
6.55 0.467153
6.56 0.467153
6.57 0.467153
6.58 0.467153
6.59 0.467153
6.6 0.467153
6.61 0.467153
6.62 0.467153
6.63 0.467153
6.64 0.467153
6.65 0.467153
6.66 0.467153
6.67 0.467153
6.68 0.467153
6.69 0.467153
6.7 0.467153
6.71 0.467153
6.72 0.467153
6.73 0.467153
6.74 0.467153
6.75 0.467153
6.76 0.467153
6.77 0.467153
6.78 0.467153
6.79 0.467153
6.8 0.467153
6.81 0.467153
6.82 0.467153
6.83 0.467153
6.84 0.467153
6.85 0.467153
6.86 0.467153
6.87 0.467153
6.88 0.467153
6.89 0.467153
6.9 0.467153
6.91 0.467153
6.92 0.467153
6.93 0.467153
6.94 0.467153
6.95 0.467153
6.96 0.467153
6.97 0.467153
6.98 0.467153
6.99 0.467153
7 0.467153
7.01 0.467153
7.02 0.467153
7.03 0.467153
7.04 0.467153
7.05 0.467153
7.06 0.467153
7.07 0.467153
7.08 0.467153
7.09 0.467153
7.1 0.467153
7.11 0.467153
7.12 0.467153
7.13 0.467153
7.14 0.467153
7.15 0.467153
7.16 0.467153
7.17 0.467153
7.18 0.467153
7.19 0.467153
7.2 0.467153
7.21 0.467153
7.22 0.467153
7.23 0.467153
7.24 0.467153
7.25 0.467153
7.26 0.467153
7.27 0.467153
7.28 0.467153
7.29 0.467153
7.3 0.467153
7.31 0.467153
7.32 0.467153
7.33 0.467153
7.34 0.467153
7.35 0.467153
7.36 0.467153
7.37 0.467153
7.38 0.467153
7.39 0.467153
7.4 0.467153
7.41 0.467153
7.42 0.467153
7.43 0.467153
7.44 0.467153
7.45 0.467153
7.46 0.467153
7.47 0.467153
7.48 0.467153
7.49 0.467153
7.5 0.467153
7.51 0.467153
7.52 0.467153
7.53 0.467153
7.54 0.467153
7.55 0.467153
7.56 0.467153
7.57 0.467153
7.58 0.467153
7.59 0.467153
7.6 0.467153
7.61 0.467153
7.62 0.467153
7.63 0.467153
7.64 0.467153
7.65 0.467153
7.66 0.467153
7.67 0.467153
7.68 0.467153
7.69 0.467153
7.7 0.467153
7.71 0.467153
7.72 0.467153
7.73 0.467153
7.74 0.467153
7.75 0.467153
7.76 0.467153
7.77 0.467153
7.78 0.467153
7.79 0.467153
7.8 0.467153
7.81 0.467153
7.82 0.467153
7.83 0.467153
7.84 0.467153
7.85 0.467153
7.86 0.467153
7.87 0.467153
7.88 0.467153
7.89 0.467153
7.9 0.467153
7.91 0.467153
7.92 0.467153
7.93 0.467153
7.94 0.467153
7.95 0.467153
7.96 0.467153
7.97 0.467153
7.98 0.467153
7.99 0.467153
8 0.467153
8.01 0.467153
8.02 0.467153
8.03 0.467153
8.04 0.467153
8.05 0.467153
8.06 0.467153
8.07 0.467153
8.08 0.467153
8.09 0.467153
8.1 0.467153
8.11 0.467153
8.12 0.467153
8.13 0.467153
8.14 0.467153
8.15 0.467153
8.16 0.467153
8.17 0.467153
8.18 0.467153
8.19 0.467153
8.2 0.467153
8.21 0.467153
8.22 0.467153
8.23 0.467153
8.24 0.467153
8.25 0.467153
8.26 0.467153
8.27 0.467153
8.28 0.467153
8.29 0.467153
8.3 0.467153
8.31 0.467153
8.32 0.467153
8.33 0.467153
8.34 0.467153
8.35 0.467153
8.36 0.467153
8.37 0.467153
8.38 0.467153
8.39 0.467153
8.4 0.467153
8.41 0.467153
8.42 0.467153
8.43 0.467153
8.44 0.467153
8.45 0.467153
8.46 0.467153
8.47 0.467153
8.48 0.467153
8.49 0.467153
8.5 0.467153
8.51 0.467153
8.52 0.467153
8.53 0.467153
8.54 0.467153
8.55 0.467153
8.56 0.467153
8.57 0.467153
8.58 0.467153
8.59 0.467153
8.6 0.467153
8.61 0.467153
8.62 0.467153
8.63 0.467153
8.64 0.467153
8.65 0.467153
8.66 0.467153
8.67 0.467153
8.68 0.467153
8.69 0.467153
8.7 0.467153
8.71 0.467153
8.72 0.467153
8.73 0.467153
8.74 0.467153
8.75 0.467153
8.76 0.467153
8.77 0.467153
8.78 0.467153
8.79 0.467153
8.8 0.467153
8.81 0.467153
8.82 0.467153
8.83 0.467153
8.84 0.467153
8.85 0.467153
8.86 0.467153
8.87 0.467153
8.88 0.467153
8.89 0.467153
8.9 0.467153
8.91 0.467153
8.92 0.467153
8.93 0.467153
8.94 0.467153
8.95 0.467153
8.96 0.467153
8.97 0.467153
8.98 0.467153
8.99 0.467153
9 0.467153
9.01 0.467153
9.02 0.467153
9.03 0.467153
9.04 0.467153
9.05 0.467153
9.06 0.467153
9.07 0.467153
9.08 0.467153
9.09 0.467153
9.1 0.467153
9.11 0.467153
9.12 0.467153
9.13 0.467153
9.14 0.467153
9.15 0.467153
9.16 0.467153
9.17 0.467153
9.18 0.467153
9.19 0.467153
9.2 0.467153
9.21 0.467153
9.22 0.467153
9.23 0.467153
9.24 0.467153
9.25 0.467153
9.26 0.467153
9.27 0.467153
9.28 0.467153
9.29 0.467153
9.3 0.467153
9.31 0.467153
9.32 0.467153
9.33 0.467153
9.34 0.467153
9.35 0.467153
9.36 0.467153
9.37 0.467153
9.38 0.467153
9.39 0.467153
9.4 0.467153
9.41 0.467153
9.42 0.467153
9.43 0.467153
9.44 0.467153
9.45 0.467153
9.46 0.467153
9.47 0.467153
9.48 0.467153
9.49 0.467153
9.5 0.467153
9.51 0.467153
9.52 0.467153
9.53 0.467153
9.54 0.467153
9.55 0.467153
9.56 0.467153
9.57 0.467153
9.58 0.467153
9.59 0.467153
9.6 0.467153
9.61 0.467153
9.62 0.467153
9.63 0.467153
9.64 0.467153
9.65 0.467153
9.66 0.467153
9.67 0.467153
9.68 0.467153
9.69 0.467153
9.7 0.467153
9.71 0.467153
9.72 0.467153
9.73 0.467153
9.74 0.467153
9.75 0.467153
9.76 0.467153
9.77 0.467153
9.78 0.467153
9.79 0.467153
9.8 0.467153
9.81 0.467153
9.82 0.467153
9.83 0.467153
9.84 0.467153
9.85 0.467153
9.86 0.467153
9.87 0.467153
9.88 0.467153
9.89 0.467153
9.9 0.467153
9.91 0.467153
9.92 0.467153
9.93 0.467153
9.94 0.467153
9.95 0.467153
9.96 0.467153
9.97 0.467153
9.98 0.467153
9.99 0.467153
10 0.467153
10.01 0.467153
10.02 0.467153
10.03 0.467153
10.04 0.467153
10.05 0.467153
10.06 0.467153
10.07 0.467153
10.08 0.467153
10.09 0.467153
10.1 0.467153
10.11 0.467153
10.12 0.467153
10.13 0.467153
10.14 0.467153
10.15 0.467153
10.16 0.467153
10.17 0.467153
10.18 0.467153
10.19 0.467153
10.2 0.467153
10.21 0.467153
10.22 0.467153
10.23 0.467153
10.24 0.467153
10.25 0.467153
10.26 0.467153
10.27 0.467153
10.28 0.467153
10.29 0.467153
10.3 0.467153
10.31 0.467153
10.32 0.467153
10.33 0.467153
10.34 0.467153
10.35 0.467153
10.36 0.467153
10.37 0.467153
10.38 0.467153
10.39 0.467153
10.4 0.467153
10.41 0.467153
10.42 0.467153
10.43 0.467153
10.44 0.467153
10.45 0.467153
10.46 0.467153
10.47 0.467153
10.48 0.467153
10.49 0.467153
10.5 0.467153
10.51 0.467153
10.52 0.467153
10.53 0.467153
10.54 0.467153
10.55 0.467153
10.56 0.467153
10.57 0.467153
10.58 0.467153
10.59 0.467153
10.6 0.467153
10.61 0.467153
10.62 0.467153
10.63 0.467153
10.64 0.467153
10.65 0.467153
10.66 0.467153
10.67 0.467153
10.68 0.467153
10.69 0.467153
10.7 0.467153
10.71 0.467153
10.72 0.467153
10.73 0.467153
10.74 0.467153
10.75 0.467153
10.76 0.467153
10.77 0.467153
10.78 0.467153
10.79 0.467153
10.8 0.467153
10.81 0.467153
10.82 0.467153
10.83 0.467153
10.84 0.467153
10.85 0.467153
10.86 0.467153
10.87 0.467153
10.88 0.467153
10.89 0.467153
10.9 0.467153
10.91 0.467153
10.92 0.467153
10.93 0.467153
10.94 0.467153
10.95 0.467153
10.96 0.467153
10.97 0.467153
10.98 0.467153
10.99 0.467153
11 0.467153
11.01 0.467153
11.02 0.467153
11.03 0.467153
11.04 0.467153
11.05 0.467153
11.06 0.467153
11.07 0.467153
11.08 0.467153
11.09 0.467153
11.1 0.467153
11.11 0.467153
11.12 0.467153
11.13 0.467153
11.14 0.467153
11.15 0.467153
11.16 0.467153
11.17 0.467153
11.18 0.467153
11.19 0.467153
11.2 0.467153
11.21 0.467153
11.22 0.467153
11.23 0.467153
11.24 0.467153
11.25 0.467153
11.26 0.467153
11.27 0.467153
11.28 0.467153
11.29 0.467153
11.3 0.467153
11.31 0.467153
11.32 0.467153
11.33 0.467153
11.34 0.467153
11.35 0.467153
11.36 0.467153
11.37 0.467153
11.38 0.467153
11.39 0.467153
11.4 0.467153
11.41 0.467153
11.42 0.467153
11.43 0.467153
11.44 0.467153
11.45 0.467153
11.46 0.467153
11.47 0.467153
11.48 0.467153
11.49 0.467153
11.5 0.467153
11.51 0.467153
11.52 0.467153
11.53 0.467153
11.54 0.467153
11.55 0.467153
11.56 0.467153
11.57 0.467153
11.58 0.467153
11.59 0.467153
11.6 0.467153
11.61 0.467153
11.62 0.467153
11.63 0.467153
11.64 0.467153
11.65 0.467153
11.66 0.467153
11.67 0.467153
11.68 0.467153
11.69 0.467153
11.7 0.467153
11.71 0.467153
11.72 0.467153
11.73 0.467153
11.74 0.467153
11.75 0.467153
11.76 0.467153
11.77 0.467153
11.78 0.467153
11.79 0.467153
11.8 0.467153
11.81 0.467153
11.82 0.467153
11.83 0.467153
11.84 0.467153
11.85 0.467153
11.86 0.467153
11.87 0.467153
11.88 0.467153
11.89 0.467153
11.9 0.467153
11.91 0.467153
11.92 0.467153
11.93 0.467153
11.94 0.467153
11.95 0.467153
11.96 0.467153
11.97 0.467153
11.98 0.467153
11.99 0.467153
12 0.467153
12.01 0.467153
12.02 0.467153
12.03 0.467153
12.04 0.467153
12.05 0.467153
12.06 0.467153
12.07 0.467153
12.08 0.467153
12.09 0.467153
12.1 0.467153
12.11 0.467153
12.12 0.467153
12.13 0.467153
12.14 0.467153
12.15 0.467153
12.16 0.467153
12.17 0.467153
12.18 0.467153
12.19 0.467153
12.2 0.467153
12.21 0.467153
12.22 0.467153
12.23 0.467153
12.24 0.467153
12.25 0.467153
12.26 0.467153
12.27 0.467153
12.28 0.467153
12.29 0.467153
12.3 0.467153
12.31 0.467153
12.32 0.467153
12.33 0.467153
12.34 0.467153
12.35 0.467153
12.36 0.467153
12.37 0.467153
12.38 0.467153
12.39 0.467153
12.4 0.467153
12.41 0.467153
12.42 0.467153
12.43 0.467153
12.44 0.467153
12.45 0.467153
12.46 0.467153
12.47 0.467153
12.48 0.467153
12.49 0.467153
12.5 0.467153
12.51 0.467153
12.52 0.467153
12.53 0.467153
12.54 0.467153
12.55 0.467153
12.56 0.467153
12.57 0.467153
12.58 0.467153
12.59 0.467153
12.6 0.467153
12.61 0.467153
12.62 0.467153
12.63 0.467153
12.64 0.467153
12.65 0.467153
12.66 0.467153
12.67 0.467153
12.68 0.467153
12.69 0.467153
12.7 0.467153
12.71 0.467153
12.72 0.467153
12.73 0.467153
12.74 0.467153
12.75 0.467153
12.76 0.467153
12.77 0.467153
12.78 0.467153
12.79 0.467153
12.8 0.467153
12.81 0.467153
12.82 0.467153
12.83 0.467153
12.84 0.467153
12.85 0.467153
12.86 0.467153
12.87 0.467153
12.88 0.467153
12.89 0.467153
12.9 0.467153
12.91 0.467153
12.92 0.467153
12.93 0.467153
12.94 0.467153
12.95 0.467153
12.96 0.467153
12.97 0.467153
12.98 0.467153
12.99 0.467153
13 0.467153
13.01 0.467153
13.02 0.467153
13.03 0.467153
13.04 0.467153
13.05 0.467153
13.06 0.467153
13.07 0.467153
13.08 0.467153
13.09 0.467153
13.1 0.467153
13.11 0.467153
13.12 0.467153
13.13 0.467153
13.14 0.467153
13.15 0.467153
13.16 0.467153
13.17 0.467153
13.18 0.467153
13.19 0.467153
13.2 0.467153
13.21 0.467153
13.22 0.467153
13.23 0.467153
13.24 0.467153
13.25 0.467153
13.26 0.467153
13.27 0.467153
13.28 0.467153
13.29 0.467153
13.3 0.467153
13.31 0.467153
13.32 0.467153
13.33 0.467153
13.34 0.467153
13.35 0.467153
13.36 0.467153
13.37 0.467153
13.38 0.467153
13.39 0.467153
13.4 0.467153
13.41 0.467153
13.42 0.467153
13.43 0.467153
13.44 0.467153
13.45 0.467153
13.46 0.467153
13.47 0.467153
13.48 0.467153
13.49 0.467153
13.5 0.467153
13.51 0.467153
13.52 0.467153
13.53 0.467153
13.54 0.467153
13.55 0.467153
13.56 0.467153
13.57 0.467153
13.58 0.467153
13.59 0.467153
13.6 0.467153
13.61 0.467153
13.62 0.467153
13.63 0.467153
13.64 0.467153
13.65 0.467153
13.66 0.467153
13.67 0.467153
13.68 0.467153
13.69 0.467153
13.7 0.467153
13.71 0.467153
13.72 0.467153
13.73 0.467153
13.74 0.467153
13.75 0.467153
13.76 0.467153
13.77 0.467153
13.78 0.467153
13.79 0.467153
13.8 0.467153
13.81 0.467153
13.82 0.467153
13.83 0.467153
13.84 0.467153
13.85 0.467153
13.86 0.467153
13.87 0.467153
13.88 0.467153
13.89 0.467153
13.9 0.467153
13.91 0.467153
13.92 0.467153
13.93 0.467153
13.94 0.467153
13.95 0.467153
13.96 0.467153
13.97 0.467153
13.98 0.467153
13.99 0.467153
14 0.467153
14.01 0.467153
14.02 0.467153
14.03 0.467153
14.04 0.467153
14.05 0.467153
14.06 0.467153
14.07 0.467153
14.08 0.467153
14.09 0.467153
14.1 0.467153
14.11 0.467153
14.12 0.467153
14.13 0.467153
14.14 0.467153
14.15 0.467153
14.16 0.467153
14.17 0.467153
14.18 0.467153
14.19 0.467153
14.2 0.467153
14.21 0.467153
14.22 0.467153
14.23 0.467153
14.24 0.467153
14.25 0.467153
14.26 0.467153
14.27 0.467153
14.28 0.467153
14.29 0.467153
14.3 0.467153
14.31 0.467153
14.32 0.467153
14.33 0.467153
14.34 0.467153
14.35 0.467153
14.36 0.467153
14.37 0.467153
14.38 0.467153
14.39 0.467153
14.4 0.467153
14.41 0.467153
14.42 0.467153
14.43 0.467153
14.44 0.467153
14.45 0.467153
14.46 0.467153
14.47 0.467153
14.48 0.467153
14.49 0.467153
14.5 0.467153
14.51 0.467153
14.52 0.467153
14.53 0.467153
14.54 0.467153
14.55 0.467153
14.56 0.467153
14.57 0.467153
14.58 0.467153
14.59 0.467153
14.6 0.467153
14.61 0.467153
14.62 0.467153
14.63 0.467153
14.64 0.467153
14.65 0.467153
14.66 0.467153
14.67 0.467153
14.68 0.467153
14.69 0.467153
14.7 0.467153
14.71 0.467153
14.72 0.467153
14.73 0.467153
14.74 0.467153
14.75 0.467153
14.76 0.467153
14.77 0.467153
14.78 0.467153
14.79 0.467153
14.8 0.467153
14.81 0.467153
14.82 0.467153
14.83 0.467153
14.84 0.467153
14.85 0.467153
14.86 0.467153
14.87 0.467153
14.88 0.467153
14.89 0.467153
14.9 0.467153
14.91 0.467153
14.92 0.467153
14.93 0.467153
14.94 0.467153
14.95 0.467153
14.96 0.467153
14.97 0.467153
14.98 0.467153
14.99 0.467153
15 0.467153
15.01 0.467153
15.02 0.467153
15.03 0.467153
15.04 0.467153
15.05 0.467153
15.06 0.467153
15.07 0.467153
15.08 0.467153
15.09 0.467153
15.1 0.467153
15.11 0.467153
15.12 0.467153
15.13 0.467153
15.14 0.467153
15.15 0.467153
15.16 0.467153
15.17 0.467153
15.18 0.467153
15.19 0.467153
15.2 0.467153
15.21 0.467153
15.22 0.467153
15.23 0.467153
15.24 0.467153
15.25 0.467153
15.26 0.467153
15.27 0.467153
15.28 0.467153
15.29 0.467153
15.3 0.467153
15.31 0.467153
15.32 0.467153
15.33 0.467153
15.34 0.467153
15.35 0.467153
15.36 0.467153
15.37 0.467153
15.38 0.467153
15.39 0.467153
15.4 0.467153
15.41 0.467153
15.42 0.467153
15.43 0.467153
15.44 0.467153
15.45 0.467153
15.46 0.467153
15.47 0.467153
15.48 0.467153
15.49 0.467153
15.5 0.467153
15.51 0.467153
15.52 0.467153
15.53 0.467153
15.54 0.467153
15.55 0.467153
15.56 0.467153
15.57 0.467153
15.58 0.467153
15.59 0.467153
15.6 0.467153
15.61 0.467153
15.62 0.467153
15.63 0.467153
15.64 0.467153
15.65 0.467153
15.66 0.467153
15.67 0.467153
15.68 0.467153
15.69 0.467153
15.7 0.467153
15.71 0.467153
15.72 0.467153
15.73 0.467153
15.74 0.467153
15.75 0.467153
15.76 0.467153
15.77 0.467153
15.78 0.467153
15.79 0.467153
15.8 0.467153
15.81 0.467153
15.82 0.467153
15.83 0.467153
15.84 0.467153
15.85 0.467153
15.86 0.467153
15.87 0.467153
15.88 0.467153
15.89 0.467153
15.9 0.467153
15.91 0.467153
15.92 0.467153
15.93 0.467153
15.94 0.467153
15.95 0.467153
15.96 0.467153
15.97 0.467153
15.98 0.467153
15.99 0.467153
16 0.467153
16.01 0.467153
16.02 0.467153
16.03 0.467153
16.04 0.467153
16.05 0.467153
16.06 0.467153
16.07 0.467153
16.08 0.467153
16.09 0.467153
16.1 0.467153
16.11 0.467153
16.12 0.467153
16.13 0.467153
16.14 0.467153
16.15 0.467153
16.16 0.467153
16.17 0.467153
16.18 0.467153
16.19 0.467153
16.2 0.467153
16.21 0.467153
16.22 0.467153
16.23 0.467153
16.24 0.467153
16.25 0.467153
16.26 0.467153
16.27 0.467153
16.28 0.467153
16.29 0.467153
16.3 0.467153
16.31 0.467153
16.32 0.467153
16.33 0.467153
16.34 0.467153
16.35 0.467153
16.36 0.467153
16.37 0.467153
16.38 0.467153
16.39 0.467153
16.4 0.467153
16.41 0.467153
16.42 0.467153
16.43 0.467153
16.44 0.467153
16.45 0.467153
16.46 0.467153
16.47 0.467153
16.48 0.467153
16.49 0.467153
16.5 0.467153
16.51 0.467153
16.52 0.467153
16.53 0.467153
16.54 0.467153
16.55 0.467153
16.56 0.467153
16.57 0.467153
16.58 0.467153
16.59 0.467153
16.6 0.467153
16.61 0.467153
16.62 0.467153
16.63 0.467153
16.64 0.467153
16.65 0.467153
16.66 0.467153
16.67 0.467153
16.68 0.467153
16.69 0.467153
16.7 0.467153
16.71 0.467153
16.72 0.467153
16.73 0.467153
16.74 0.467153
16.75 0.467153
16.76 0.467153
16.77 0.467153
16.78 0.467153
16.79 0.467153
16.8 0.467153
16.81 0.467153
16.82 0.467153
16.83 0.467153
16.84 0.467153
16.85 0.467153
16.86 0.467153
16.87 0.467153
16.88 0.467153
16.89 0.467153
16.9 0.467153
16.91 0.467153
16.92 0.467153
16.93 0.467153
16.94 0.467153
16.95 0.467153
16.96 0.467153
16.97 0.467153
16.98 0.467153
16.99 0.467153
17 0.467153
