2 15.8599
2.1 14.7241
2.2 13.3989
2.3 10.7795
2.4 9.62969
2.5 9.12435
2.6 7.74811
2.7 5.53979
2.8 5.68606
2.9 3.02049
3 3.09919
3.1 1.683
3.2 1.28556
3.3 0.699683
3.4 0.699683
3.5 0.699683
3.6 0.699683
3.7 0.699683
3.8 0.699683
3.9 0.699683
4 0.699683
4.1 0.699683
4.2 0.699683
4.3 0.699683
4.4 0.699683
4.5 0.699683
4.6 0.699683
4.7 0.699683
4.8 0.699683
4.9 0.699683
5 0.699683
5.1 0.699683
5.2 0.699683
5.3 0.699683
5.4 0.699683
5.5 0.699683
5.6 0.699683
5.7 0.699683
5.8 0.699683
5.9 0.699683
6 0.699683
6.1 0.699683
6.2 0.699683
6.3 0.699683
6.4 0.699683
6.5 0.699683
6.6 0.699683
6.7 0.699683
6.8 0.699683
6.9 0.699683
7 0.699683
7.1 0.699683
7.2 0.699683
7.3 0.699683
7.4 0.699683
7.5 0.699683
7.6 0.699683
7.7 0.699683
7.8 0.699683
7.9 0.699683
8 0.699683
8.1 0.699683
8.2 0.699683
8.3 0.699683
8.4 0.699683
8.5 0.699683
8.6 0.699683
8.7 0.699683
8.8 0.699683
8.9 0.699683
9 0.699683
9.1 0.699683
9.2 0.699683
9.3 0.699683
9.4 0.699683
9.5 0.699683
9.6 0.699683
9.7 0.699683
9.8 0.699683
9.9 0.699683
10 0.699683
10.1 0.699683
10.2 0.699683
10.3 0.699683
10.4 0.699683
10.5 0.699683
10.6 0.699683
10.7 0.699683
10.8 0.699683
10.9 0.699683
11 0.699683
11.1 0.699683
11.2 0.699683
11.3 0.699683
11.4 0.699683
11.5 0.699683
11.6 0.699683
11.7 0.699683
11.8 0.699683
11.9 0.699683
12 0.699683
12.1 0.699683
12.2 0.699683
12.3 0.699683
12.4 0.699683
12.5 0.699683
12.6 0.699683
12.7 0.699683
12.8 0.699683
12.9 0.699683
13 0.699683
13.1 0.699683
13.2 0.699683
13.3 0.699683
13.4 0.699683
13.5 0.699683
13.6 0.699683
13.7 0.699683
13.8 0.699683
13.9 0.699683
14 0.699683
14.1 0.699683
14.2 0.699683
14.3 0.699683
14.4 0.699683
14.5 0.699683
14.6 0.699683
14.7 0.699683
14.8 0.699683
14.9 0.699683
15 0.699683
15.1 0.699683
15.2 0.699683
15.3 0.699683
15.4 0.699683
15.5 0.699683
15.6 0.699683
15.7 0.699683
15.8 0.699683
15.9 0.699683
16 0.699683
16.1 0.699683
16.2 0.699683
16.3 0.699683
16.4 0.699683
16.5 0.699683
16.6 0.699683
16.7 0.699683
16.8 0.699683
16.9 0.699683
17 0.699683
17.1 0.699683
17.2 0.699683
17.3 0.699683
17.4 0.699683
17.5 0.699683
17.6 0.699683
17.7 0.699683
17.8 0.699683
17.9 0.699683
18 0.699683
18.1 0.699683
18.2 0.699683
18.3 0.699683
18.4 0.699683
18.5 0.699683
18.6 0.699683
18.7 0.699683
18.8 0.699683
18.9 0.699683
19 0.699683
19.1 0.699683
19.2 0.699683
19.3 0.699683
19.4 0.699683
19.5 0.699683
19.6 0.699683
19.7 0.699683
19.8 0.699683
19.9 0.699683
