6 14.976
6.01 15.0382
6.02 15.1003
6.03 15.1624
6.04 15.2246
6.05 15.2867
6.06 15.3488
6.07 15.411
6.08 15.4731
6.09 15.5352
6.1 15.5974
6.11 15.6595
6.12 15.7216
6.13 15.7837
6.14 15.8459
6.15 15.908
6.16 15.9701
6.17 16.0323
6.18 16.0944
6.19 16.1565
6.2 16.2187
6.21 16.2808
6.22 16.3429
6.23 16.4051
6.24 16.4672
6.25 16.5293
6.26 16.5915
6.27 16.6536
6.28 16.7157
6.29 16.7779
6.3 14.4577
6.31 14.5152
6.32 14.5727
6.33 14.6302
6.34 14.6877
6.35 14.7451
6.36 14.8026
6.37 14.8601
6.38 14.9176
6.39 14.2691
6.4 14.3222
6.41 14.3753
6.42 14.4284
6.43 14.4815
6.44 14.5345
6.45 14.5876
6.46 14.6407
6.47 14.6938
6.48 14.7469
6.49 14.8
6.5 14.853
6.51 14.9061
6.52 14.9592
6.53 15.0123
6.54 15.0654
6.55 15.1185
6.56 15.1716
6.57 15.2246
6.58 15.2777
6.59 15.3308
6.6 15.3839
6.61 15.437
6.62 15.4901
6.63 15.5431
6.64 15.5962
6.65 15.6493
6.66 15.7024
6.67 15.7555
6.68 13.642
6.69 13.6909
6.7 13.7398
6.71 13.7887
6.72 13.8375
6.73 13.8864
6.74 13.9353
6.75 13.9842
6.76 14.0331
6.77 14.0819
6.78 14.1308
6.79 14.1797
6.8 14.2286
6.81 14.2775
6.82 14.3263
6.83 14.3752
6.84 14.4241
6.85 14.473
6.86 14.5219
6.87 14.5708
6.88 14.6196
6.89 14.6685
6.9 14.7174
6.91 14.7663
6.92 14.8152
6.93 14.864
6.94 14.9129
6.95 14.9618
6.96 15.0107
6.97 15.0596
6.98 15.1085
6.99 15.1573
7 15.2062
7.01 15.2551
7.02 15.304
7.03 15.3529
7.04 15.4017
7.05 15.4506
7.06 15.4995
7.07 15.5484
7.08 15.5973
7.09 15.6461
7.1 15.695
7.11 15.7439
7.12 15.7928
7.13 15.8417
7.14 15.8906
7.15 15.9394
7.16 15.9883
7.17 16.0372
7.18 16.0861
7.19 16.135
7.2 16.1838
7.21 16.2327
7.22 16.2816
7.23 16.3305
7.24 16.3794
7.25 16.4283
7.26 16.4771
7.27 16.526
7.28 16.5749
7.29 16.6238
7.3 16.6727
7.31 16.7215
7.32 16.7704
7.33 16.8193
7.34 16.8682
7.35 16.9171
7.36 16.966
7.37 17.0148
7.38 17.0637
7.39 17.1126
7.4 17.1615
7.41 17.2104
7.42 17.2592
7.43 17.3081
7.44 17.357
7.45 17.4059
7.46 17.4548
7.47 17.5036
7.48 17.5525
7.49 17.6014
7.5 17.6503
7.51 17.6992
7.52 17.7481
7.53 17.7969
7.54 17.8458
7.55 17.8947
7.56 17.9436
7.57 17.9925
7.58 18.0413
7.59 18.0902
7.6 18.1391
7.61 17.2381
7.62 17.2829
7.63 17.3278
7.64 17.3727
7.65 17.4176
7.66 17.4624
7.67 17.5073
7.68 17.5522
7.69 17.597
7.7 17.6419
7.71 17.6868
7.72 17.7317
7.73 17.7765
7.74 17.8214
7.75 17.8663
7.76 17.9112
7.77 17.956
7.78 18.0009
7.79 18.0458
7.8 18.0907
7.81 18.1355
7.82 18.1804
7.83 18.2253
7.84 18.2702
7.85 18.315
7.86 18.3599
7.87 18.4048
7.88 15.7274
7.89 15.7682
7.9 15.8089
7.91 15.8496
7.92 15.8903
7.93 15.931
7.94 15.9717
7.95 16.0124
7.96 16.0531
7.97 16.0938
7.98 16.1345
7.99 16.1752
8 16.2159
8.01 16.2566
8.02 16.2973
8.03 16.338
8.04 16.3787
8.05 16.4194
8.06 16.4601
8.07 16.5008
8.08 16.5415
8.09 16.5822
8.1 16.6229
8.11 16.6636
8.12 16.7044
8.13 16.7451
8.14 16.7858
8.15 16.8265
8.16 16.8672
8.17 16.9079
8.18 16.9486
8.19 16.9893
8.2 17.03
8.21 17.0707
8.22 17.1114
8.23 17.1521
8.24 17.1928
8.25 17.2335
8.26 17.2742
8.27 17.3149
8.28 17.3556
8.29 17.3963
8.3 17.437
8.31 17.4777
8.32 17.5184
8.33 17.5591
8.34 17.5998
8.35 17.6406
8.36 17.6813
8.37 17.722
8.38 17.7627
8.39 17.8034
8.4 17.8441
8.41 17.8848
8.42 17.9255
8.43 17.9662
8.44 18.0069
8.45 18.0476
8.46 18.0883
8.47 18.129
8.48 18.1697
8.49 18.2104
8.5 18.2511
8.51 18.2918
8.52 18.3325
8.53 18.3732
8.54 18.4139
8.55 18.4546
8.56 18.4953
8.57 18.536
8.58 18.5768
8.59 18.6175
8.6 18.6582
8.61 18.6989
8.62 18.7396
8.63 18.7803
8.64 18.821
8.65 18.8617
8.66 18.9024
8.67 15.7615
8.68 15.798
8.69 15.8344
8.7 15.8708
8.71 15.9072
8.72 15.9436
8.73 15.98
8.74 16.0165
8.75 16.0529
8.76 16.0893
8.77 16.1257
8.78 16.1621
8.79 16.1985
8.8 16.2349
8.81 16.2714
8.82 16.3078
8.83 16.3442
8.84 16.3806
8.85 16.417
8.86 16.4534
8.87 16.4899
8.88 16.5263
8.89 16.5627
8.9 16.5991
8.91 16.6355
8.92 16.6719
8.93 16.7083
8.94 16.7448
8.95 16.7812
8.96 16.8176
8.97 16.854
8.98 16.8904
8.99 16.9268
9 16.9633
9.01 16.9997
9.02 17.0361
9.03 17.0725
9.04 17.1089
9.05 17.1453
9.06 17.1818
9.07 17.2182
9.08 17.2546
9.09 17.291
9.1 17.3274
9.11 17.3638
9.12 17.4002
9.13 17.4367
9.14 17.4731
9.15 15.6146
9.16 15.6467
9.17 15.6788
9.18 15.7109
9.19 15.743
9.2 15.7752
