10 11.332274 0.004500 2.700000 5.300000 1.700000 3.800000
20 21.059055 0.011310 4.499996 6.399998 2.700000 4.999997
30 33.153338 0.020616 6.200003 12.199998 3.999999 9.399997
40 41.919212 0.031110 5.799996 7.599996 3.300001 5.900004
50 58.281278 0.046712 8.899997 12.100002 6.499997 10.100000
60 69.353180 0.064056 10.700000 14.099998 7.099996 12.700002
70 79.294208 0.090885 16.699994 24.399998 12.099998 20.200002
80 89.026092 0.112095 11.999996 13.899994 8.600005 12.700001
90 102.873080 0.136005 10.600002 16.600002 7.199998 13.700003
100 117.261233 0.163745 21.000000 25.500000 14.200001 21.500000
