10 12.443386 0.017515 2.800000 7.300000 1.600000 5.200000 8.285200
20 23.684295 0.054374 5.800000 9.500000 3.700000 7.600000 8.418505
30 32.806550 0.104393 8.700000 12.400000 6.100000 10.000000 8.409883
40 45.168159 0.150770 11.600000 18.500000 8.400000 14.500000 7.992701
50 54.028470 0.217976 14.600000 18.100000 10.100000 15.800000 8.437353
60 66.879256 0.315657 17.600000 23.200000 12.400000 20.000000 8.507915
70 79.955866 0.411170 20.600000 24.100000 16.300000 20.000000 8.686945
80 95.360247 0.523504 23.500000 29.400000 17.900000 25.500000 8.386613
90 105.103979 0.672595 26.700000 37.400000 17.000000 33.900000 8.270311
100 114.965481 0.847089 29.400000 45.800000 19.200000 39.900000 8.099008
