10 12.080647 0.003175 2.700000 7.700000 2.000000 5.200000 7.441254
20 22.058593 0.007674 5.800000 8.300000 4.200000 6.400000 8.036352
30 32.887064 0.014576 8.600000 11.100000 6.500000 9.000000 8.137183
40 44.431472 0.022393 11.900000 18.000000 7.600000 15.100000 7.657986
50 54.413508 0.032107 14.800000 18.000000 11.100000 15.100000 8.103582
60 68.029720 0.047202 17.800000 23.700000 13.700000 19.700000 8.093257
70 81.234618 0.054735 20.700000 28.000000 15.700000 23.400000 8.048100
80 96.727433 0.073375 23.900000 32.400000 15.900000 30.000000 7.838519
90 105.604670 0.092207 26.800000 37.000000 19.300000 31.500000 7.971004
100 116.366321 0.111239 29.600000 40.500000 23.000000 33.200000 8.075773
